# coding: utf-8
# Your code here!

# 3次元リストでドット絵を表示する

enemy_img = [[[0,0,1,1,1,1,1,1,1,1,1,1,1,1,0,0],
              [1,1,0,0,0,0,0,0,0,0,0,0,0,0,1,1],
              [1,0,0,1,1,1,0,0,0,1,1,1,0,0,0,1],
              [1,1,0,0,0,0,1,1,0,0,0,0,0,0,1,1],
              [0,1,1,1,1,1,1,1,1,1,1,1,1,1,1,0],
              [0,0,0,1,1,1,0,0,0,0,0,1,1,1,0,0],
              [0,0,0,0,1,1,1,0,0,0,0,0,0,1,1,1]],
             [[0,0,1,1,1,1,1,1,1,1,1,1,1,1,0,0],
              [1,1,0,0,0,0,0,0,0,0,0,0,0,0,1,1],
              [1,0,0,1,1,1,0,0,0,0,1,1,1,0,0,1],
              [1,1,0,0,0,0,0,1,1,0,0,0,0,0,1,1],
              [0,1,1,1,1,1,1,1,1,1,1,1,1,1,1,0],
              [0,0,0,1,1,1,0,0,0,0,1,1,1,0,0,0],
              [0,0,0,1,1,1,0,0,0,0,1,1,1,0,0,0]],
             [[0,0,1,1,1,1,1,1,1,1,1,1,1,1,0,0],
              [1,1,0,0,0,0,0,0,0,0,0,0,0,0,1,1],
              [1,0,0,0,1,1,1,0,0,0,1,1,1,0,0,1],
              [1,1,0,0,0,0,0,0,1,1,0,0,0,0,1,1],
              [0,1,1,1,1,1,1,1,1,1,1,1,1,1,1,0],
              [0,0,1,1,1,0,0,0,0,0,0,1,1,1,0,0],
              [1,1,1,0,0,0,0,0,0,0,1,1,1,0,0,0]],
             [[0,0,1,1,1,1,1,1,1,1,1,1,1,1,0,0],
              [1,1,0,0,0,0,0,0,0,0,0,0,0,0,1,1],
              [1,0,0,0,1,1,1,0,0,0,1,1,1,0,0,1],
              [1,1,0,0,0,0,0,0,1,1,0,0,0,0,1,1],
              [0,1,1,1,1,1,1,1,1,1,1,1,1,1,1,0],
              [0,0,1,1,1,0,0,0,0,0,0,1,1,1,0,0],
              [1,1,1,0,0,0,0,0,0,0,1,1,1,0,0,0]]]

for img in enemy_img:
    for line in img:
        for dot in line:
            if dot == 1:
                print("#", end="")
            else:
                print(" ", end="")
        print()

演習１
演習課題「リストの中身を1行ずつ表示してみよう」

右のコードエリアには、「A」「B」「C」という文字が、letersという3次元リストで定義されており、
そのうちの「A」の文字を出力するコードがあります。
このリストから、3文字とも出力してください。
「A」「B」「C」の各文字の間には、1行空行を挿入してください。

プログラムを実行して、正しく出力されれば演習課題クリアです！

 期待する出力値

  @@  
 @  @
@    @
@@@@@@
@    @
@    @

@@@@@
@    @
@@@@@
@    @
@    @
@@@@@

 @@@@
@    @
@     
@     
@    @
 @@@@  


自分
print()をもう一つ書かずにやっていたため行の空白が開いていなく間違っていた
答
# ドットで文字を出力しよう

letters = [[[0,0,1,1,0,0],
             [0,1,0,0,1,0],
             [1,0,0,0,0,1],
             [1,1,1,1,1,1],
             [1,0,0,0,0,1],
             [1,0,0,0,0,1]],
            [[1,1,1,1,1,0],
             [1,0,0,0,0,1],
             [1,1,1,1,1,0],
             [1,0,0,0,0,1],
             [1,0,0,0,0,1],
             [1,1,1,1,1,0]],
            [[0,1,1,1,1,0],
             [1,0,0,0,0,1],
             [1,0,0,0,0,0],
             [1,0,0,0,0,0],
             [1,0,0,0,0,1],
             [0,1,1,1,1,0]]]

# ここに、ドットを表示するコードを記述する
for letter in letters:
    for line in letter:
        for dot in line:
            if dot == 1:
                print("@", end="")
            else:
                print(" ", end="")
        print()
    print()
